54080
42002
15935
13494
6621
22102
13612
57785
65504
9717
56782
41293
44477
47264
54704
57683
59961
37022
40413
25006
25802
40271
41985
55186
48537
64049
22606
5067
52695
38532
20603
3116
54540
19620
64010
28595
29705
14241
41604
7283
20877
31687
4585
50265
2206
58374
48703
52313
35415
38569
54602
24349
30139
10185
18267
21212
28016
43947
25089
53240
5588
22271
55089
11719
60310
13069
44125
45621
25757
28769
6030
25310
63493
47068
55115
57352
32641
18544
55010
63193
31206
50030
44003
48507
46357
53839
38324
19673
51780
41966
34031
38272
13325
62460
24712
4911
65242
33429
18986
55827
41878
46005
17568
23704
20256
25237
1615
30415
4142
46225
20804
34649
22115
3551
14901
19285
8533
59563
57978
40401
53973
43314
20106
20832
64937
5994
58709
61033
50898
42291
27894
59520
40022
22202
57677
45834
36566
1643
39087
16314
33765
56904
54592
49769
37860
35445
5568
56212
8138
44053
25102
28643
48964
1213
3493
50512
59219
18928
20466
61622
47597
27010
59108
1614
35264
41891
14095
55236
20223
25117
62666
45291
13487
17909
63179
31553
65040
61866
64393
56901
54062
36544
45806
25066
59210
42389
33856
46783
54541
20156
16552
10159
49291
2484
9146
53554
42828
7625
18673
41954
28676
39910
42482
62238
34751
10955
59612
32100
15899
18274
34718
33364
51009
41068
17373
50013
19828
33842
17998
50902
57103
53336
20250
37739
11635
37759
55023
29184
63272
14010
6202
20590
59556
62890
432
48682
40138
4127
60762
28485
58818
9061
31136
57424
29029
44028
5904
26926
20316
50997
17795
29563
35745
56954
18604
62879
31571
12565
30388
64501
7503
62544
34326
18367
63652
33324
14868
40581
45663
21438
514
44517
32576
6857
1618
44593
1587
34308
25173
39860
64228
10512
2588
49490
65009
48346
60399
55744
20277
54033
1023
38130
53154
1982
21056
20447
16528
23360
23803
9153
48963
21820
19028
41334
8780
51821
46622
64532
9243
3166
35902
40323
34927
7873
6314
3775
39410
33532
41226
22056
16379
47983
40851
59075
23300
54696
46763
36330
15984
55547
49244
30742
49357
44615
46714
2815
3604
611
20643
31235
54010
22200
1611
19288
31258
16258
1242
36842
40242
3341
44840
1588
58074
26998
27657
22877
48499
61230
8240
57969
44935
18916
23439
57562
15929
64505
26422
51965
51248
37477
21818
50864
22709
38954
33814
21747
57338
28022
45379
62398
11446
48553
28379
48486
40145
26288
15584
38435
54561
31747
33842
7903
22281
44074
36248
43021
33034
47402
20168
41219
16550
14154
32903
18237
25298
12744
3960
36606
16722
16227
15403
45548
22483
37048
63882
29580
47399
29915
37504
54310
9359
5503
54094
37843
43477
59347
53364
61141
609
43459
36569
25694
31451
10612
57082
2046
1301
30256
31163
56810
43725
11099
6484
33263
36874
65337
54750
59869
17632
40153
25416
28009
43946
37548
2305
30860
57138
2542
55645
59648
36179
22286
4969
13752
15250
52290
60514
9780
3351
40479
43449
14808
25020
62072
55495
31499
5601
13332
8485
35099
12093
40613
12695
15650
21983
17759
22611
43843
59016
200
42523
393
38474
7433
60082
10680
15335
65156
16497
17113
10977
28164
18195
19318
48202
52612
6810
23888
55993
4594
46529
63675
12080
16961
61140
18170
32057
10308
62849
19090
49687
22809
63304
26647
18267
18617
55832
60579
24899
35821
18505
32344
28295
3216
16974
8672
40637
55987
12222
33695
22447
35337
52882
61181
60891
2475
11134
10067
634
32245
64680
42964
50870
31802
47006
34691
49567
51064
45071
57090
31324
16261
36099
32089
39615
35399
47623
33158
7593
19536
59336
65191
55665
50158
42844
47641
62982
50129
5167
52360
31286
24839
62829
4741
16519
61271
53310
58708
5007
59215
54025
11073
302
5911
1854
63097
52353
39444
48409
19469
50481
55411
3001
22762
49435
38509
39479
601
59548
32891
48041
63788
61162
50463
29611
64680
64696
5021
59899
59974
25696
43071
36188
21584
25073
6057
65444
18708
63385
64221
27077
33070
1336
59821
1482
33726
14863
53589
14836
17724
30244
25927
12768
3922
47131
26886
21782
63528
14392
59249
39848
5067
54359
7832
38445
48458
18200
17131
64629
40196
47174
4624
59872
22684
17063
4290
13879
27984
58574
55371
59783
35229
40251
58261
59398
42186
58986
14773
7148
3383
29552
18592
34138
3724
37418
26187
22365
43535
27207
11689
15381
2912
63957
14136
52219
62690
3482
14163
29956
49062
63189
3742
28789
52432
44556
53112
57744
24678
50355
42605
59037
59828
43778
14222
55481
14826
42323
42811
28784
14575
27217
46909
15504
20549
62008
12430
14733
12106
64677
5014
16589
18591
20342
37914
3132
43206
37581
55212
12870
41019
60965
26054
33905
27017
30080
39790
52808
5252
60784
43660
63093
54598
9775
25088
53288
34192
62112
24716
35356
64698
44294
23814
6797
35574
433
53972
32443
45869
56633
56968
18759
26850
31067
11200
10040
63505
34342
1903
34732
4532
54939
33021
61687
41758
7417
52417
16094
26278
36121
9345
45932
60312
26597
16916
36457
63559
54030
24067
39326
5527
6408
46060
35095
7612
47225
53464
12785
19064
5267
241
57082
22548
17090
47665
37855
25558
21221
52527
62717
40244
36643
58395
5792
15022
60554
40664
27000
21516
12152
41422
50890
56982
58215
45109
44201
33329
3650
27161
42097
62237
43399
18099
41729
59649
10242
44295
46693
21437
15163
43858
16033
38640
20813
20997
10861
2312
57240
29897
40080
49059
4632
58400
3521
35809
18298
45104
31080
33781
22580
53804
42005
19954
53400
39180
49294
45338
25605
20713
1780
32955
10068
65017
36932
25692
56269
23916
33343
7898
24392
9063
19469
61260
25387
5751
5650
19830
57293
61964
15934
20042
28069
9069
41316
17892
12016
33556
55487
450
17493
10271
31767
6637
47760
43055
56392
8329
24603
21662
45668
53087
15522
57842
35998
2096
19169
63673
42690
33213
15572
21322
40869
9792
13271
41722
39613
29494
32517
42207
50247
62374
17339
47906
33381
14411
58196
30632
30078
25046
34699
47247
37174
29628
22968
64027
19724
42847
63794
3335
8881
60069
4192
28594
12458
36855
50966
40135
64512
4839
61777
65193
33720
12859
31896
9453
26470
41032
55551
58426
65202
13238
5864
16759
21831
65252
44255
17335
60678
37333
25277
56457
33290
7118
40480
8513
22780
15586
14545
45233
39737
22293
